{
  "advancedEditorSelectedIdentifier" : "ProjectBrowser",
  "openSceneRelativePaths" : [
    "DrumDemoScene.usda",
    "SticksScene.usda",
    "SnareDrumScene.usda",
    "FenderStratocasterScene.usda",
    "RocketScene.usda"
  ],
  "recentIdentifiers" : {
    "0A9B4653-B11E-4D6A-850E-C6FCB621626C" : [

    ],
    "02E8C8E4-9274-4E8B-A53B-F20B0F343B21" : [

    ],
    "3EB5737C-18BF-4649-93A8-1A0EC6DBE4C9" : [

    ],
    "798C3A31-B1F6-4F1B-8557-F2625540FC00" : [

    ],
    "185816F3-0C52-431A-8C55-14A251778D0A" : [

    ],
    "829713DC-4E20-4295-881D-C2F45033D3FF" : [

    ],
    "A8DC38D1-9EFF-4FF9-868B-711544477B61" : [

    ],
    "A21404D0-C0FF-47E1-A891-DB5BDE9EFBEA" : [

    ],
    "B2710F7C-DD4C-4B4E-B46A-CEA2BD350D29" : [

    ],
    "D615B912-853E-47A2-AF5D-70ED3021B5A2" : [

    ],
    "D66134B1-3681-4A8E-AFE5-29F257229F3B" : [

    ],
    "DA988ECE-CB76-4352-B897-88DB543B7836" : [

    ],
    "E019E8D0-9F3D-4DFA-A961-621C86B5BFFE" : [

    ],
    "EDCFBE4C-874E-4733-9400-44A0EC220B7A" : [

    ]
  },
  "sceneCameraHistory" : {
    "0A9B4653-B11E-4D6A-850E-C6FCB621626C" : [
      {
        "date" : 712822749.822284,
        "title" : "Untitled",
        "transform" : [
          0.99996513,
          -6.081411e-10,
          -0.0083463015,
          0,
          -0.0004978672,
          0.99821925,
          -0.059649244,
          0,
          0.008331434,
          0.059651345,
          0.9981845,
          0,
          0.037482876,
          0.57461745,
          1.1210417,
          1
        ]
      },
      {
        "date" : 712822740.922189,
        "title" : "Untitled",
        "transform" : [
          0.99895173,
          -6.081411e-10,
          -0.045775462,
          0,
          -0.002730566,
          0.99821925,
          -0.059588794,
          0,
          0.045693945,
          0.059651345,
          0.9971729,
          0,
          0.039695267,
          0.6779801,
          1.4413904,
          1
        ]
      },
      {
        "date" : 712767073.693108,
        "title" : "Untitled",
        "transform" : [
          0.99895173,
          -6.081411e-10,
          -0.045775462,
          0,
          -0.002730566,
          0.99821925,
          -0.059588794,
          0,
          0.045693945,
          0.059651345,
          0.9971729,
          0,
          0.059702396,
          0.55996054,
          1.4475336,
          1
        ]
      },
      {
        "date" : 712766955.96962,
        "title" : "Untitled",
        "transform" : [
          0.99895173,
          -6.081411e-10,
          -0.045775462,
          0,
          -0.002730566,
          0.99821925,
          -0.059588794,
          0,
          0.045693945,
          0.059651345,
          0.9971729,
          0,
          0.0029373914,
          0.27515075,
          0.60807663,
          1
        ]
      },
      {
        "date" : 712766954.27862,
        "title" : "Untitled",
        "transform" : [
          0.99895173,
          -6.081411e-10,
          -0.045775462,
          0,
          -0.002730566,
          0.99821925,
          -0.059588794,
          0,
          0.045693945,
          0.059651345,
          0.9971729,
          0,
          0.07597097,
          0.22933581,
          0.6074706,
          1
        ]
      },
      {
        "date" : 712766757.890483,
        "title" : "Untitled",
        "transform" : [
          0.99895173,
          -6.081411e-10,
          -0.045775462,
          0,
          -0.002730566,
          0.99821925,
          -0.059588794,
          0,
          0.045693945,
          0.059651345,
          0.9971729,
          0,
          0.061681725,
          0.1862005,
          0.49321252,
          1
        ]
      },
      {
        "date" : 712766490.281799,
        "title" : "Untitled",
        "transform" : [
          0.99895173,
          -6.081411e-10,
          -0.045775462,
          0,
          -0.002730566,
          0.99821925,
          -0.059588794,
          0,
          0.045693945,
          0.059651345,
          0.9971729,
          0,
          -0.048417725,
          0.33524534,
          1.5603256,
          1
        ]
      },
      {
        "date" : 712766488.402025,
        "title" : "Untitled",
        "transform" : [
          0.99895173,
          -6.081411e-10,
          -0.045775462,
          0,
          -0.002730566,
          0.99821925,
          -0.059588794,
          0,
          0.045693945,
          0.059651345,
          0.9971729,
          0,
          -0.10829549,
          0.25707757,
          0.25362092,
          1
        ]
      },
      {
        "date" : 712766177.906945,
        "title" : "Untitled",
        "transform" : [
          0.99895173,
          -6.081411e-10,
          -0.045775462,
          0,
          -0.002730566,
          0.99821925,
          -0.059588794,
          0,
          0.045693945,
          0.059651345,
          0.9971729,
          0,
          -0.13108325,
          0.4501188,
          1.4976817,
          1
        ]
      },
      {
        "date" : 712766056.857449,
        "title" : "Untitled",
        "transform" : [
          1,
          0,
          0,
          0,
          0,
          0.86602545,
          -0.49999994,
          0,
          0,
          0.49999994,
          0.86602545,
          0,
          -0.19950294,
          1.0692956,
          1.1312144,
          1
        ]
      }
    ],
    "0B331498-D46B-4A06-97C8-EDD23D53B69A" : [
      {
        "date" : 721679641.520507,
        "title" : "Untitled",
        "transform" : [
          1,
          0,
          -0,
          0,
          -0,
          0.86602545,
          -0.49999994,
          0,
          0,
          0.49999994,
          0.86602545,
          0,
          0,
          0.22876142,
          0.39622647,
          1
        ]
      }
    ],
    "1A8DFB8A-7CD2-461F-AAAF-09D957AE274B" : [
      {
        "date" : 713094532.273125,
        "title" : "Untitled",
        "transform" : [
          1,
          0,
          0,
          0,
          0,
          0.86602545,
          -0.49999988,
          0,
          0,
          0.49999988,
          0.86602545,
          0,
          0,
          0.22126202,
          0.3832371,
          1
        ]
      }
    ],
    "2BE9A3F7-48C3-4698-B79F-B99E60FEDA22" : [
      {
        "date" : 721680339.646714,
        "title" : "Untitled",
        "transform" : [
          1,
          0,
          -0,
          0,
          -0,
          0.86255133,
          -0.5059696,
          0,
          0,
          0.5059696,
          0.86255133,
          0,
          0,
          2.2560418,
          2.9490418,
          1
        ]
      }
    ],
    "02E8C8E4-9274-4E8B-A53B-F20B0F343B21" : [
      {
        "date" : 713098694.886651,
        "title" : "Untitled",
        "transform" : [
          1,
          0,
          0,
          0,
          0,
          0.86798924,
          -0.49658298,
          0,
          0,
          0.49658298,
          0.86798924,
          0,
          0.04790378,
          3.3785403,
          4.884351,
          1
        ]
      }
    ],
    "3EB5737C-18BF-4649-93A8-1A0EC6DBE4C9" : [
      {
        "date" : 713791164.540824,
        "title" : "Untitled",
        "transform" : [
          0.21151914,
          3.8268215e-08,
          -0.97737384,
          0,
          0.01812843,
          0.9998279,
          0.0039235107,
          0,
          0.97720575,
          -0.018547965,
          0.21148255,
          0,
          1.3420652,
          0.628256,
          0.81209135,
          1
        ]
      },
      {
        "date" : 713790750.332627,
        "title" : "Untitled",
        "transform" : [
          0.995518,
          3.8063956e-08,
          -0.09457177,
          0,
          -0.0005333377,
          0.9999841,
          -0.005611833,
          0,
          0.09457046,
          0.0056373044,
          0.9955022,
          0,
          0.0056089684,
          0.6613699,
          1.7414508,
          1
        ]
      },
      {
        "date" : 713790727.009968,
        "title" : "Untitled",
        "transform" : [
          0.9800802,
          3.845303e-08,
          -0.19860236,
          0,
          0.04319706,
          0.9760589,
          0.21317373,
          0,
          0.1938478,
          -0.2175062,
          0.9566159,
          0,
          0.15312527,
          0.37547702,
          1.7791896,
          1
        ]
      },
      {
        "date" : 713790719.966799,
        "title" : "Untitled",
        "transform" : [
          0.99616766,
          3.9038884e-08,
          -0.08746398,
          0,
          0.007144667,
          0.9966578,
          0.08137657,
          0,
          0.08717185,
          -0.0816894,
          0.9928383,
          0,
          -0.0857301,
          0.6223541,
          1.7775781,
          1
        ]
      },
      {
        "date" : 713790711.450339,
        "title" : "Untitled",
        "transform" : [
          0.09365994,
          3.8990883e-08,
          -0.9956042,
          0,
          0.146478,
          0.9891179,
          0.013779926,
          0,
          0.98477006,
          -0.14712454,
          0.09264055,
          0,
          1.3869536,
          0.5297528,
          0.7073535,
          1
        ]
      },
      {
        "date" : 713790705.806131,
        "title" : "Untitled",
        "transform" : [
          0.9015237,
          4.064219e-08,
          -0.43272966,
          0,
          -0.06711776,
          0.9878983,
          -0.13982867,
          0,
          0.4274931,
          0.15510291,
          0.8906138,
          0,
          0.3831664,
          0.9446745,
          1.6365519,
          1
        ]
      },
      {
        "date" : 713790703.884777,
        "title" : "Untitled",
        "transform" : [
          -0.009885021,
          3.6021564e-08,
          -0.9999511,
          0,
          0.05907501,
          0.99825335,
          -0.00058375916,
          0,
          0.99820465,
          -0.059077717,
          -0.009867921,
          0,
          1.3760779,
          0.6581123,
          0.5744807,
          1
        ]
      },
      {
        "date" : 713790698.606433,
        "title" : "Untitled",
        "transform" : [
          -0.009885021,
          3.6021564e-08,
          -0.9999511,
          0,
          0.05907501,
          0.99825335,
          -0.00058375916,
          0,
          0.99820465,
          -0.059077717,
          -0.009867921,
          0,
          2.6177926,
          0.91019195,
          0.73444515,
          1
        ]
      },
      {
        "date" : 713790695.339717,
        "title" : "Untitled",
        "transform" : [
          0.99968946,
          3.6025035e-08,
          0.024918292,
          0,
          -0.0012247458,
          0.9987919,
          0.049126092,
          0,
          -0.024888024,
          -0.049141183,
          0.99848175,
          0,
          -0.8249619,
          0.93614185,
          2.5852332,
          1
        ]
      },
      {
        "date" : 713790690.484238,
        "title" : "Untitled",
        "transform" : [
          0.9996896,
          3.602504e-08,
          0.024918295,
          0,
          -0.0012247458,
          0.9987919,
          0.049126092,
          0,
          -0.024888024,
          -0.049141183,
          0.99848175,
          0,
          -0.0041749575,
          0.30631438,
          2.5746946,
          1
        ]
      }
    ],
    "4ADDC52A-67C5-46EE-AEFD-96AF62B8BD5D" : [
      {
        "date" : 713093500.856087,
        "title" : "Untitled",
        "transform" : [
          1,
          0,
          0,
          0,
          0,
          0.86602545,
          -0.49999988,
          0,
          0,
          0.49999988,
          0.86602545,
          0,
          0,
          0.22126202,
          0.3832371,
          1
        ]
      }
    ],
    "7A25476F-46D5-458D-B691-90B64C64AFCA" : [
      {
        "date" : 713094828.753162,
        "title" : "Untitled",
        "transform" : [
          1,
          0,
          0,
          0,
          0,
          0.8663025,
          -0.4995197,
          0,
          0,
          0.4995197,
          0.8663025,
          0,
          3.1143427e-06,
          1.8946742,
          2.4645762,
          1
        ]
      }
    ],
    "22AD8C0F-E206-4333-B30F-617A46F523BB" : [
      {
        "date" : 721727903.084512,
        "title" : "Untitled",
        "transform" : [
          1,
          0,
          0,
          0,
          0,
          0.86255133,
          -0.5059696,
          0,
          0,
          0.5059696,
          0.86255133,
          0,
          0,
          1.1444361,
          1.0236835,
          1
        ]
      },
      {
        "date" : 721680362.304806,
        "title" : "Untitled",
        "transform" : [
          1,
          0,
          -0,
          0,
          -0,
          0.86255133,
          -0.5059696,
          0,
          0,
          0.5059696,
          0.86255133,
          0,
          0,
          2.2560418,
          2.9490418,
          1
        ]
      }
    ],
    "25C624E8-489E-4435-B9AE-1463E6EDE36B" : [
      {
        "date" : 714989567.648718,
        "title" : "Untitled",
        "transform" : [
          1,
          0,
          0,
          0,
          0,
          0.86602545,
          -0.49999988,
          0,
          0,
          0.49999988,
          0.86602545,
          0,
          0,
          0.21102361,
          0.36550364,
          1
        ]
      }
    ],
    "70C8FC37-67B0-4A9C-8DB5-74AD9D81BF72" : [
      {
        "date" : 740920732.902119,
        "title" : "Untitled",
        "transform" : [
          1,
          0,
          0,
          0,
          0,
          0.7071069,
          -0.70710677,
          0,
          0,
          0.70710677,
          0.7071069,
          0,
          0,
          1.1260253,
          1.1260254,
          1
        ]
      }
    ],
    "78B4D747-46EB-4655-A89E-CE6C203582F6" : [
      {
        "date" : 713093138.149476,
        "title" : "Untitled",
        "transform" : [
          1,
          0,
          0,
          0,
          0,
          0.8663025,
          -0.4995197,
          0,
          0,
          0.4995197,
          0.8663025,
          0,
          3.1143427e-06,
          1.8946742,
          2.4645762,
          1
        ]
      }
    ],
    "303E1158-6BE8-4735-88DE-A5361536419F" : [
      {
        "date" : 721680293.857742,
        "title" : "Untitled",
        "transform" : [
          1,
          0,
          -0,
          0,
          -0,
          0.86602545,
          -0.49999994,
          0,
          0,
          0.49999994,
          0.86602545,
          0,
          0,
          0.22876142,
          0.39622647,
          1
        ]
      }
    ],
    "798C3A31-B1F6-4F1B-8557-F2625540FC00" : [
      {
        "date" : 715193657.352991,
        "title" : "Untitled",
        "transform" : [
          0.9999706,
          -3.916173e-12,
          -0.0076665813,
          0,
          -0.0003983398,
          0.99864924,
          -0.051956452,
          0,
          0.0076562255,
          0.05195795,
          0.9986199,
          0,
          -0.07073307,
          0.08207458,
          0.8952522,
          1
        ]
      },
      {
        "date" : 715193614.831905,
        "title" : "Untitled",
        "transform" : [
          0.9999706,
          -3.916173e-12,
          -0.0076665813,
          0,
          -0.0003983398,
          0.99864924,
          -0.051956452,
          0,
          0.0076562255,
          0.05195795,
          0.9986199,
          0,
          -0.049263895,
          0.14647532,
          0.8917368,
          1
        ]
      },
      {
        "date" : 715193610.967599,
        "title" : "Untitled",
        "transform" : [
          0.9999706,
          -3.916173e-12,
          -0.0076665813,
          0,
          -0.0003983398,
          0.99864924,
          -0.051956452,
          0,
          0.0076562255,
          0.05195795,
          0.9986199,
          0,
          -0.05158589,
          0.13071738,
          0.5888729,
          1
        ]
      },
      {
        "date" : 715193603.334237,
        "title" : "Untitled",
        "transform" : [
          0.9999706,
          -3.916173e-12,
          -0.0076665813,
          0,
          -0.0003983398,
          0.99864924,
          -0.051956452,
          0,
          0.0076562255,
          0.05195795,
          0.9986199,
          0,
          0.0058684554,
          0.09793721,
          0.59013796,
          1
        ]
      },
      {
        "date" : 715021029.010978,
        "title" : "Untitled",
        "transform" : [
          1,
          0,
          0,
          0,
          0,
          0.86602545,
          -0.49999988,
          0,
          0,
          0.49999988,
          0.86602545,
          0,
          0.0013439432,
          0.3553744,
          0.4812444,
          1
        ]
      },
      {
        "date" : 715021018.706978,
        "title" : "Untitled",
        "transform" : [
          1,
          0,
          0,
          0,
          0,
          0.86602545,
          -0.49999988,
          0,
          0,
          0.49999988,
          0.86602545,
          0,
          0.07812963,
          0.3505383,
          0.48403648,
          1
        ]
      },
      {
        "date" : 715021005.315589,
        "title" : "Untitled",
        "transform" : [
          1,
          0,
          0,
          0,
          0,
          0.86602545,
          -0.49999988,
          0,
          0,
          0.49999988,
          0.86602545,
          0,
          0.060179234,
          0.27000165,
          0.37282842,
          1
        ]
      },
      {
        "date" : 715020993.745734,
        "title" : "Untitled",
        "transform" : [
          1,
          0,
          0,
          0,
          0,
          0.86602545,
          -0.49999988,
          0,
          0,
          0.49999988,
          0.86602545,
          0,
          0,
          0.22893985,
          0.3965355,
          1
        ]
      }
    ],
    "68909BD5-79FB-443C-B900-8584A5C6F6C3" : [
      {
        "date" : 713082405.364201,
        "title" : "Untitled",
        "transform" : [
          0.9998795,
          5.2609783e-10,
          -0.0155268265,
          0,
          -0.0026830144,
          0.98495716,
          -0.17277777,
          0,
          0.015293257,
          0.17279859,
          0.9848384,
          0,
          0.11731764,
          0.7873308,
          2.1706758,
          1
        ]
      },
      {
        "date" : 713082386.525916,
        "title" : "Untitled",
        "transform" : [
          0.9999714,
          0,
          0.007568287,
          0,
          0.0037841427,
          0.86602545,
          -0.49998558,
          0,
          -0.0065543293,
          0.49999988,
          0.86600065,
          0,
          0.02988535,
          1.2785841,
          1.8897364,
          1
        ]
      },
      {
        "date" : 713082368.179882,
        "title" : "Untitled",
        "transform" : [
          1,
          0,
          0,
          0,
          0,
          0.86602545,
          -0.49999988,
          0,
          0,
          0.49999988,
          0.86602545,
          0,
          0,
          0.22126202,
          0.3832371,
          1
        ]
      }
    ],
    "185816F3-0C52-431A-8C55-14A251778D0A" : [
      {
        "date" : 714925522.715173,
        "title" : "Untitled",
        "transform" : [
          0.94291717,
          -2.3660151e-08,
          -0.3330274,
          0,
          -0.05453006,
          0.9865034,
          -0.15439375,
          0,
          0.32853267,
          0.16374053,
          0.93019104,
          0,
          0.18062456,
          0.2170548,
          0.3361904,
          1
        ]
      },
      {
        "date" : 714340835.748309,
        "title" : "Untitled",
        "transform" : [
          0.9429171,
          -2.340552e-08,
          -0.3330274,
          0,
          -0.054530043,
          0.9865034,
          -0.15439379,
          0,
          0.3285326,
          0.16374062,
          0.93019104,
          0,
          0.24097157,
          0.22764331,
          0.42224407,
          1
        ]
      },
      {
        "date" : 714053296.031979,
        "title" : "Untitled",
        "transform" : [
          0.9429172,
          -2.3405523e-08,
          -0.33302742,
          0,
          -0.05453005,
          0.98650354,
          -0.1543938,
          0,
          0.3285326,
          0.16374062,
          0.93019104,
          0,
          0.1906367,
          0.21456237,
          0.44232458,
          1
        ]
      },
      {
        "date" : 714053292.813049,
        "title" : "Untitled",
        "transform" : [
          0.56242764,
          -1.5286615e-08,
          -0.82684654,
          0,
          -0.5092922,
          0.78778905,
          -0.34642467,
          0,
          0.65138054,
          0.61594534,
          0.44307435,
          0,
          0.3641598,
          0.4460864,
          0.20360516,
          1
        ]
      },
      {
        "date" : 714053283.946137,
        "title" : "Untitled",
        "transform" : [
          0.07234774,
          -9.490041e-11,
          -0.9973795,
          0,
          -0.18647695,
          0.98236626,
          -0.013526632,
          0,
          0.97979194,
          0.18696693,
          0.071071975,
          0,
          0.5023962,
          0.22617148,
          0.0024169702,
          1
        ]
      },
      {
        "date" : 714053272.010122,
        "title" : "Untitled",
        "transform" : [
          0.07234774,
          -9.490041e-11,
          -0.9973795,
          0,
          -0.18647695,
          0.98236626,
          -0.013526632,
          0,
          0.97979194,
          0.18696693,
          0.071071975,
          0,
          0.4387225,
          0.22018984,
          -3.853254e-05,
          1
        ]
      },
      {
        "date" : 714053231.241166,
        "title" : "Untitled",
        "transform" : [
          0.9999659,
          5.1758597e-11,
          0.008260973,
          0,
          0.0019084293,
          0.9729496,
          -0.23100953,
          0,
          -0.00803751,
          0.23101744,
          0.9729164,
          0,
          0.021889783,
          0.23941858,
          0.40920958,
          1
        ]
      },
      {
        "date" : 713782239.703795,
        "title" : "Untitled",
        "transform" : [
          1,
          0,
          0,
          0,
          0,
          0.86318445,
          -0.5048887,
          0,
          0,
          0.5048887,
          0.86318445,
          0,
          0.015984818,
          0.7198641,
          0.9563469,
          1
        ]
      },
      {
        "date" : 713782238.677487,
        "title" : "Untitled",
        "transform" : [
          1,
          0,
          0,
          0,
          0,
          0.86602545,
          -0.49999994,
          0,
          0,
          0.49999994,
          0.86602545,
          0,
          0,
          0.14253609,
          0.24687974,
          1
        ]
      }
    ],
    "475084E7-70FD-4028-9C0D-366F65BCC07C" : [
      {
        "date" : 713704207.618683,
        "title" : "Untitled",
        "transform" : [
          1,
          0,
          0,
          0,
          0,
          0.86715853,
          -0.49803215,
          0,
          0,
          0.49803215,
          0.86715853,
          0,
          0,
          1.2765414,
          1.6856576,
          1
        ]
      }
    ],
    "829713DC-4E20-4295-881D-C2F45033D3FF" : [
      {
        "date" : 713781695.915934,
        "title" : "Untitled",
        "transform" : [
          0.9999693,
          3.5787137e-11,
          0.00783955,
          0,
          0.0015380412,
          0.98056597,
          -0.19618352,
          0,
          -0.0076872,
          0.19618942,
          0.98053586,
          0,
          0.035314146,
          0.32168856,
          0.3424883,
          1
        ]
      },
      {
        "date" : 713781687.149185,
        "title" : "Untitled",
        "transform" : [
          0.9999795,
          3.5787137e-11,
          0.006405261,
          0,
          0.0012566487,
          0.9805661,
          -0.19618554,
          0,
          -0.006280785,
          0.19618945,
          0.980546,
          0,
          -0.014518602,
          0.068673626,
          0.25726968,
          1
        ]
      },
      {
        "date" : 713781685.171953,
        "title" : "Untitled",
        "transform" : [
          0.9999795,
          3.5787137e-11,
          0.006405261,
          0,
          0.0012566487,
          0.9805661,
          -0.19618554,
          0,
          -0.006280785,
          0.19618945,
          0.980546,
          0,
          -0.01561206,
          0.031417117,
          0.26471704,
          1
        ]
      },
      {
        "date" : 713781668.859983,
        "title" : "Untitled",
        "transform" : [
          0.99960506,
          2.2590818e-11,
          -0.0281008,
          0,
          -0.014550573,
          0.8555021,
          -0.5175949,
          0,
          0.024040293,
          0.5177993,
          0.85516435,
          0,
          0.017059505,
          0.34438667,
          0.49547023,
          1
        ]
      },
      {
        "date" : 713781655.000584,
        "title" : "Untitled",
        "transform" : [
          0.99960506,
          2.2590818e-11,
          -0.0281008,
          0,
          -0.014550573,
          0.8555021,
          -0.5175949,
          0,
          0.024040293,
          0.5177993,
          0.85516435,
          0,
          0.04398015,
          0.36641684,
          0.48137414,
          1
        ]
      },
      {
        "date" : 713781646.406939,
        "title" : "Untitled",
        "transform" : [
          1,
          0,
          0,
          0,
          0,
          0.7071068,
          -0.70710677,
          0,
          0,
          0.70710677,
          0.7071068,
          0,
          -0.03377837,
          0.37412027,
          0.5174295,
          1
        ]
      },
      {
        "date" : 713781625.3593,
        "title" : "Untitled",
        "transform" : [
          0.40922362,
          -1.0814667e-09,
          -0.91243416,
          0,
          -0.11566677,
          0.9919325,
          -0.05187616,
          0,
          0.9050731,
          0.12676737,
          0.40592214,
          0,
          0.25539172,
          0.020653188,
          0.057207644,
          1
        ]
      },
      {
        "date" : 713781622.19336,
        "title" : "Untitled",
        "transform" : [
          0.40922362,
          -1.0814667e-09,
          -0.91243416,
          0,
          -0.11566677,
          0.9919325,
          -0.05187616,
          0,
          0.9050731,
          0.12676737,
          0.40592214,
          0,
          0.26308736,
          0.13920254,
          0.0030260682,
          1
        ]
      },
      {
        "date" : 713781616.653429,
        "title" : "Untitled",
        "transform" : [
          0.4420413,
          -1.0814667e-09,
          -0.8969947,
          0,
          -0.113709554,
          0.9919325,
          -0.05603637,
          0,
          0.8897582,
          0.12676737,
          0.4384751,
          0,
          0.54776466,
          0.29094827,
          0.048169095,
          1
        ]
      },
      {
        "date" : 713781615.586584,
        "title" : "Untitled",
        "transform" : [
          0.46129042,
          -1.0814667e-09,
          -0.88724923,
          0,
          -0.11247415,
          0.9919325,
          -0.05847653,
          0,
          0.88009125,
          0.12676735,
          0.45756885,
          0,
          0.5461638,
          0.29094827,
          0.059970815,
          1
        ]
      }
    ],
    "A8DC38D1-9EFF-4FF9-868B-711544477B61" : [
      {
        "date" : 713092841.846723,
        "title" : "Untitled",
        "transform" : [
          0.9981169,
          -7.663743e-10,
          0.061340395,
          0,
          0.008902869,
          0.98941135,
          -0.14486541,
          0,
          -0.060690876,
          0.14513874,
          0.9875481,
          0,
          -0.0028372044,
          0.739699,
          2.739034,
          1
        ]
      },
      {
        "date" : 713092837.450457,
        "title" : "Untitled",
        "transform" : [
          0.99999636,
          0,
          0.0027008022,
          0,
          0.0013504007,
          0.86602545,
          -0.49999806,
          0,
          -0.0023389633,
          0.49999988,
          0.8660223,
          0,
          0.10228445,
          1.0909071,
          1.4588639,
          1
        ]
      },
      {
        "date" : 713092816.331192,
        "title" : "Untitled",
        "transform" : [
          0.99999636,
          0,
          0.0027008022,
          0,
          0.0013504007,
          0.86602545,
          -0.49999806,
          0,
          -0.0023389633,
          0.49999988,
          0.8660223,
          0,
          -0.0042303023,
          0.90431136,
          1.5663077,
          1
        ]
      },
      {
        "date" : 713090380.758017,
        "title" : "Untitled",
        "transform" : [
          1,
          0,
          0,
          0,
          0,
          0.86602545,
          -0.49999988,
          0,
          0,
          0.49999988,
          0.86602545,
          0,
          0,
          0.22126202,
          0.3832371,
          1
        ]
      }
    ],
    "A85BE0E6-8CD6-4E8D-A389-5C3B192BFBB3" : [
      {
        "date" : 713093490.033333,
        "title" : "Untitled",
        "transform" : [
          1,
          0,
          0,
          0,
          0,
          0.8663025,
          -0.4995197,
          0,
          0,
          0.4995197,
          0.8663025,
          0,
          3.1143427e-06,
          1.8946742,
          2.4645762,
          1
        ]
      }
    ],
    "A21404D0-C0FF-47E1-A891-DB5BDE9EFBEA" : [
      {
        "date" : 712239324.616113,
        "title" : "Untitled",
        "transform" : [
          1,
          0,
          0,
          0,
          0,
          0.8656405,
          -0.500666,
          0,
          0,
          0.500666,
          0.8656405,
          0,
          0,
          0.3106015,
          0.53266585,
          1
        ]
      },
      {
        "date" : 712239303.580648,
        "title" : "Untitled",
        "transform" : [
          1,
          0,
          0,
          0,
          0,
          0.8656405,
          -0.500666,
          0,
          0,
          0.500666,
          0.8656405,
          0,
          0,
          0.23005734,
          0.39453664,
          1
        ]
      },
      {
        "date" : 712239233.878047,
        "title" : "Untitled",
        "transform" : [
          1,
          0,
          0,
          0,
          0,
          0.86602545,
          -0.49999994,
          0,
          0,
          0.49999994,
          0.86602545,
          0,
          0,
          0.22534488,
          0.39030883,
          1
        ]
      }
    ],
    "AF09ED6F-1707-48FD-8720-65B998362C09" : [
      {
        "date" : 712237378.718729,
        "title" : "Untitled",
        "transform" : [
          1,
          0,
          0,
          0,
          0,
          0.8660258,
          -0.4999993,
          0,
          0,
          0.4999993,
          0.8660258,
          0,
          0,
          3.7082548,
          4.3055463,
          1
        ]
      }
    ],
    "B2710F7C-DD4C-4B4E-B46A-CEA2BD350D29" : [
      {
        "date" : 713098864.723984,
        "title" : "Untitled",
        "transform" : [
          1,
          0,
          0,
          0,
          0,
          0.86602545,
          -0.49999988,
          0,
          0,
          0.49999988,
          0.86602545,
          0,
          -0.041058633,
          0.48150635,
          0.55783224,
          1
        ]
      },
      {
        "date" : 713098858.428029,
        "title" : "Untitled",
        "transform" : [
          1,
          0,
          0,
          0,
          0,
          0.86602545,
          -0.49999988,
          0,
          0,
          0.49999988,
          0.86602545,
          0,
          -0.0013723422,
          0.37512785,
          0.61924994,
          1
        ]
      },
      {
        "date" : 713098850.318794,
        "title" : "Untitled",
        "transform" : [
          1,
          0,
          0,
          0,
          0,
          0.86602545,
          -0.49999988,
          0,
          0,
          0.49999988,
          0.86602545,
          0,
          0,
          0.22126202,
          0.3832371,
          1
        ]
      }
    ],
    "C009713D-A480-4DA1-99B7-804B4909A70B" : [
      {
        "date" : 713098973.360941,
        "title" : "Untitled",
        "transform" : [
          1,
          0,
          0,
          0,
          0,
          0.8663025,
          -0.4995197,
          0,
          0,
          0.4995197,
          0.8663025,
          0,
          3.1143427e-06,
          1.8946742,
          2.4645762,
          1
        ]
      }
    ],
    "D5F689D2-4C08-4A52-8C12-586868496C53" : [
      {
        "date" : 713104205.250585,
        "title" : "Untitled",
        "transform" : [
          1,
          0,
          0,
          0,
          0,
          0.86602545,
          -0.49999988,
          0,
          0,
          0.49999988,
          0.86602545,
          0,
          0,
          0.22126202,
          0.3832371,
          1
        ]
      }
    ],
    "D615B912-853E-47A2-AF5D-70ED3021B5A2" : [
      {
        "date" : 715532037.56577,
        "title" : "Untitled",
        "transform" : [
          0.32114574,
          2.9504948e-08,
          0.9470297,
          0,
          0.13615404,
          0.9896112,
          -0.0461711,
          0,
          -0.9371913,
          0.14376923,
          0.3178091,
          0,
          -1.439753,
          1.5316955,
          -0.053990692,
          1
        ]
      },
      {
        "date" : 715532030.424525,
        "title" : "Untitled",
        "transform" : [
          -0.5521588,
          2.6446717e-08,
          0.8337389,
          0,
          0.43496776,
          0.8531246,
          0.28806517,
          0,
          -0.71128315,
          0.52170694,
          -0.47106057,
          0,
          -1.2074178,
          1.8772198,
          -0.7718568,
          1
        ]
      },
      {
        "date" : 715532028.121406,
        "title" : "Untitled",
        "transform" : [
          -0.24896935,
          1.7163739e-08,
          0.96851134,
          0,
          0.04812943,
          0.9987645,
          0.012372231,
          0,
          -0.96731466,
          0.049693856,
          -0.24866204,
          0,
          -1.4282835,
          1.4705404,
          -0.5803628,
          1
        ]
      },
      {
        "date" : 715532016.040445,
        "title" : "Untitled",
        "transform" : [
          -0.9703554,
          1.3768956e-08,
          0.2416826,
          0,
          0.101599485,
          0.90734655,
          0.4079214,
          0,
          -0.21928966,
          0.42038321,
          -0.88044876,
          0,
          -0.32880342,
          1.9974368,
          -1.2215527,
          1
        ]
      },
      {
        "date" : 715263172.291175,
        "title" : "Untitled",
        "transform" : [
          -0.9954732,
          1.00492645e-08,
          0.09504259,
          0,
          0.075274795,
          0.610508,
          0.78842485,
          0,
          -0.05802406,
          0.7920099,
          -0.6077446,
          0,
          -0.17783657,
          2.280509,
          -0.8496116,
          1
        ]
      },
      {
        "date" : 715263081.332097,
        "title" : "Untitled",
        "transform" : [
          -0.8332933,
          5.852442e-09,
          0.55283105,
          0,
          0.022805048,
          0.9991488,
          0.03437429,
          0,
          -0.55236036,
          0.04125098,
          -0.8325842,
          0,
          -0.75589836,
          1.2642276,
          -1.2689109,
          1
        ]
      },
      {
        "date" : 715257038.394362,
        "title" : "Untitled",
        "transform" : [
          -0.8332933,
          5.852442e-09,
          0.55283105,
          0,
          0.022805048,
          0.9991488,
          0.03437429,
          0,
          -0.55236036,
          0.04125098,
          -0.8325842,
          0,
          -0.7665588,
          1.2621803,
          -1.285552,
          1
        ]
      },
      {
        "date" : 715257025.345616,
        "title" : "Untitled",
        "transform" : [
          -0.63048965,
          -7.3894553e-09,
          -0.7761976,
          0,
          -0.29692167,
          0.9239415,
          0.24118368,
          0,
          0.71716136,
          0.38253352,
          -0.5825355,
          0,
          0.4457932,
          1.590524,
          -0.98574805,
          1
        ]
      },
      {
        "date" : 715257019.727106,
        "title" : "Untitled",
        "transform" : [
          -0.95246637,
          1.7802979e-08,
          0.30464372,
          0,
          0.08518636,
          0.96010906,
          0.26633403,
          0,
          -0.2924911,
          0.2796255,
          -0.91447175,
          0,
          -0.49719745,
          1.4934859,
          -1.3291947,
          1
        ]
      },
      {
        "date" : 715257016.528998,
        "title" : "Untitled",
        "transform" : [
          -0.74331087,
          2.4854614e-08,
          -0.6689464,
          0,
          -0.5620165,
          0.54235077,
          0.6244942,
          0,
          0.36280373,
          0.840152,
          -0.40313527,
          0,
          0.1597365,
          2.047358,
          -0.8677709,
          1
        ]
      }
    ],
    "D66134B1-3681-4A8E-AFE5-29F257229F3B" : [
      {
        "date" : 712840894.752837,
        "title" : "Untitled",
        "transform" : [
          0.99958277,
          -1.3779712e-09,
          0.028886002,
          0,
          -0.0031724086,
          0.99395096,
          0.109778956,
          0,
          -0.028711239,
          -0.109824754,
          0.99353623,
          0,
          -0.044453107,
          0.44148144,
          1.4603534,
          1
        ]
      },
      {
        "date" : 712840660.73686,
        "title" : "Untitled",
        "transform" : [
          0.99860144,
          -8.001321e-10,
          -0.052869793,
          0,
          -0.008317491,
          0.9875477,
          -0.15710005,
          0,
          0.052211467,
          0.15732011,
          0.9861665,
          0,
          -0.0507188,
          0.9217581,
          1.2790349,
          1
        ]
      },
      {
        "date" : 712840656.465095,
        "title" : "Untitled",
        "transform" : [
          0.99422956,
          -8.186184e-10,
          -0.1072739,
          0,
          -0.017768458,
          0.9861869,
          -0.16468044,
          0,
          0.10579214,
          0.16563629,
          0.9804961,
          0,
          -0.03234854,
          0.740088,
          1.1481408,
          1
        ]
      },
      {
        "date" : 712840650.210252,
        "title" : "Untitled",
