{
  "advancedEditorSelectedIdentifier" : "ProjectBrowser",
  "openSceneRelativePaths" : [
    "DrumSetScene.usda",
    "GuitarScene.usda",
    "ViolinScene.usda",
    "StickScene.usda"
  ],
  "recentIdentifiers" : {
    "0A9B4653-B11E-4D6A-850E-C6FCB621626C" : [

    ],
    "02E8C8E4-9274-4E8B-A53B-F20B0F343B21" : [

    ],
    "829713DC-4E20-4295-881D-C2F45033D3FF" : [

    ],
    "A8DC38D1-9EFF-4FF9-868B-711544477B61" : [

    ],
    "A21404D0-C0FF-47E1-A891-DB5BDE9EFBEA" : [

    ],
    "B2710F7C-DD4C-4B4E-B46A-CEA2BD350D29" : [

    ],
    "D66134B1-3681-4A8E-AFE5-29F257229F3B" : [

    ],
    "DA988ECE-CB76-4352-B897-88DB543B7836" : [

    ],
    "EDCFBE4C-874E-4733-9400-44A0EC220B7A" : [

    ]
  },
  "sceneCameraHistory" : {
    "0A9B4653-B11E-4D6A-850E-C6FCB621626C" : [
      {
        "date" : 712822749.82228398,
        "title" : "Untitled",
        "transform" : [
          0.9999651312828064,
          -6.0814109303919395e-10,
          -0.0083463015034794807,
          0,
          -0.00049786717863753438,
          0.99821925163269043,
          -0.059649243950843811,
          0,
          0.0083314338698983192,
          0.059651345014572144,
          0.99818450212478638,
          0,
          0.03748287633061409,
          0.57461744546890259,
          1.1210416555404663,
          1
        ]
      },
      {
        "date" : 712822740.922189,
        "title" : "Untitled",
        "transform" : [
          0.99895173311233521,
          -6.0814109303919395e-10,
          -0.045775461941957474,
          0,
          -0.0027305660769343376,
          0.99821925163269043,
          -0.05958879366517067,
          0,
          0.04569394513964653,
          0.059651345014572144,
          0.99717289209365845,
          0,
          0.039695266634225845,
          0.67798012495040894,
          1.4413903951644897,
          1
        ]
      },
      {
        "date" : 712767073.69310796,
        "title" : "Untitled",
        "transform" : [
          0.99895173311233521,
          -6.0814109303919395e-10,
          -0.045775461941957474,
          0,
          -0.0027305660769343376,
          0.99821925163269043,
          -0.05958879366517067,
          0,
          0.04569394513964653,
          0.059651345014572144,
          0.99717289209365845,
          0,
          0.059702396392822266,
          0.55996054410934448,
          1.4475336074829102,
          1
        ]
      },
      {
        "date" : 712766955.96961999,
        "title" : "Untitled",
        "transform" : [
          0.99895173311233521,
          -6.0814109303919395e-10,
          -0.045775461941957474,
          0,
          -0.0027305660769343376,
          0.99821925163269043,
          -0.05958879366517067,
          0,
          0.04569394513964653,
          0.059651345014572144,
          0.99717289209365845,
          0,
          0.0029373914003372192,
          0.27515074610710144,
          0.60807663202285767,
          1
        ]
      },
      {
        "date" : 712766954.27862,
        "title" : "Untitled",
        "transform" : [
          0.99895173311233521,
          -6.0814109303919395e-10,
          -0.045775461941957474,
          0,
          -0.0027305660769343376,
          0.99821925163269043,
          -0.05958879366517067,
          0,
          0.04569394513964653,
          0.059651345014572144,
          0.99717289209365845,
          0,
          0.075970970094203949,
          0.22933581471443176,
          0.60747057199478149,
          1
        ]
      },
      {
        "date" : 712766757.89048302,
        "title" : "Untitled",
        "transform" : [
          0.99895173311233521,
          -6.0814109303919395e-10,
          -0.045775461941957474,
          0,
          -0.0027305660769343376,
          0.99821925163269043,
          -0.05958879366517067,
          0,
          0.04569394513964653,
          0.059651345014572144,
          0.99717289209365845,
          0,
          0.061681725084781647,
          0.18620049953460693,
          0.49321252107620239,
          1
        ]
      },
      {
        "date" : 712766490.28179896,
        "title" : "Untitled",
        "transform" : [
          0.99895173311233521,
          -6.0814109303919395e-10,
          -0.045775461941957474,
          0,
          -0.0027305660769343376,
          0.99821925163269043,
          -0.05958879366517067,
          0,
          0.04569394513964653,
          0.059651345014572144,
          0.99717289209365845,
          0,
          -0.048417724668979645,
          0.33524534106254578,
          1.5603256225585938,
          1
        ]
      },
      {
        "date" : 712766488.40202498,
        "title" : "Untitled",
        "transform" : [
          0.99895173311233521,
          -6.0814109303919395e-10,
          -0.045775461941957474,
          0,
          -0.0027305660769343376,
          0.99821925163269043,
          -0.05958879366517067,
          0,
          0.04569394513964653,
          0.059651345014572144,
          0.99717289209365845,
          0,
          -0.1082954928278923,
          0.25707757472991943,
          0.25362092256546021,
          1
        ]
      },
      {
        "date" : 712766177.90694499,
        "title" : "Untitled",
        "transform" : [
          0.99895173311233521,
          -6.0814109303919395e-10,
          -0.045775461941957474,
          0,
          -0.0027305660769343376,
          0.99821925163269043,
          -0.05958879366517067,
          0,
          0.04569394513964653,
          0.059651345014572144,
          0.99717289209365845,
          0,
          -0.13108325004577637,
          0.45011880993843079,
          1.497681736946106,
          1
        ]
      },
      {
        "date" : 712766056.85744905,
        "title" : "Untitled",
        "transform" : [
          1,
          0,
          0,
          0,
          0,
          0.86602544784545898,
          -0.49999994039535522,
          0,
          0,
          0.49999994039535522,
          0.86602544784545898,
          0,
          -0.19950294494628906,
          1.0692956447601318,
          1.1312143802642822,
          1
        ]
      }
    ],
    "1A8DFB8A-7CD2-461F-AAAF-09D957AE274B" : [
      {
        "date" : 713094532.27312505,
        "title" : "Untitled",
        "transform" : [
          1,
          0,
          0,
          0,
          0,
          0.86602544784545898,
          -0.49999988079071045,
          0,
          0,
          0.49999988079071045,
          0.86602544784545898,
          0,
          0,
          0.22126202285289764,
          0.3832370936870575,
          1
        ]
      }
    ],
    "02E8C8E4-9274-4E8B-A53B-F20B0F343B21" : [
      {
        "date" : 713098694.88665104,
        "title" : "Untitled",
        "transform" : [
          1,
          0,
          0,
          0,
          0,
          0.86798924207687378,
          -0.49658298492431641,
          0,
          0,
          0.49658298492431641,
          0.86798924207687378,
          0,
          0.047903779894113541,
          3.3785402774810791,
          4.8843507766723633,
          1
        ]
      }
    ],
    "4ADDC52A-67C5-46EE-AEFD-96AF62B8BD5D" : [
      {
        "date" : 713093500.85608697,
        "title" : "Untitled",
        "transform" : [
          1,
          0,
          0,
          0,
          0,
          0.86602544784545898,
          -0.49999988079071045,
          0,
          0,
          0.49999988079071045,
          0.86602544784545898,
          0,
          0,
          0.22126202285289764,
          0.3832370936870575,
          1
        ]
      }
    ],
    "7A25476F-46D5-458D-B691-90B64C64AFCA" : [
      {
        "date" : 713094828.75316203,
        "title" : "Untitled",
        "transform" : [
          1,
          0,
          0,
          0,
          0,
          0.866302490234375,
          -0.4995197057723999,
          0,
          0,
          0.4995197057723999,
          0.866302490234375,
          0,
          3.1143426895141602e-06,
          1.8946741819381714,
          2.464576244354248,
          1
        ]
      }
    ],
    "78B4D747-46EB-4655-A89E-CE6C203582F6" : [
      {
        "date" : 713093138.14947605,
        "title" : "Untitled",
        "transform" : [
          1,
          0,
          0,
          0,
          0,
          0.866302490234375,
          -0.4995197057723999,
          0,
          0,
          0.4995197057723999,
          0.866302490234375,
          0,
          3.1143426895141602e-06,
          1.8946741819381714,
          2.464576244354248,
          1
        ]
      }
    ],
    "68909BD5-79FB-443C-B900-8584A5C6F6C3" : [
      {
        "date" : 713082405.36420095,
        "title" : "Untitled",
        "transform" : [
          0.99987947940826416,
          5.2609783196544413e-10,
          -0.015526826493442059,
          0,
          -0.0026830143760889769,
          0.98495715856552124,
          -0.17277777194976807,
          0,
          0.015293257310986519,
          0.17279858887195587,
          0.98483842611312866,
          0,
          0.11731763929128647,
          0.78733080625534058,
          2.1706757545471191,
          1
        ]
      },
      {
        "date" : 713082386.52591598,
        "title" : "Untitled",
        "transform" : [
          0.99997138977050781,
          0,
          0.0075682871975004673,
          0,
          0.003784142667427659,
          0.86602544784545898,
          -0.49998557567596436,
          0,
          -0.006554329302161932,
          0.49999988079071045,
          0.86600065231323242,
          0,
          0.029885349795222282,
          1.2785841226577759,
          1.8897364139556885,
          1
        ]
      },
      {
        "date" : 713082368.17988205,
        "title" : "Untitled",
        "transform" : [
          1,
          0,
          0,
          0,
          0,
          0.86602544784545898,
          -0.49999988079071045,
          0,
          0,
          0.49999988079071045,
          0.86602544784545898,
          0,
          0,
          0.22126202285289764,
          0.3832370936870575,
          1
        ]
      }
    ],
    "475084E7-70FD-4028-9C0D-366F65BCC07C" : [
      {
        "date" : 713704207.61868298,
        "title" : "Untitled",
        "transform" : [
          1,
          0,
          -0,
          0,
          -0,
          0.86715853214263916,
          -0.49803215265274048,
          0,
          0,
          0.49803215265274048,
          0.86715853214263916,
          0,
          0,
          1.2765413522720337,
          1.6856576204299927,
          1
        ]
      }
    ],
    "829713DC-4E20-4295-881D-C2F45033D3FF" : [
      {
        "date" : 713706645.35831404,
        "title" : "Untitled",
        "transform" : [
          1,
          0,
          0,
          0,
          0,
          0.86602544784545898,
          -0.49999994039535522,
          0,
          0,
          0.49999994039535522,
          0.86602544784545898,
          0,
          0.03200986236333847,
          0.37861424684524536,
          0.54338371753692627,
          1
        ]
      },
      {
        "date" : 713706164.52137804,
        "title" : "Untitled",
        "transform" : [
          1,
          0,
          0,
          0,
          0,
          0.86602544784545898,
          -0.49999994039535522,
          0,
          0,
          0.49999994039535522,
          0.86602544784545898,
          0,
          0.014772869646549225,
          0.35995471477508545,
          0.55415672063827515,
          1
        ]
      },
      {
        "date" : 713706159.47115004,
        "title" : "Untitled",
        "transform" : [
          1,
          0,
          0,
          0,
          0,
          0.86602544784545898,
          -0.49999994039535522,
          0,
          0,
          0.49999994039535522,
          0.86602544784545898,
          0,
          0.020622674375772476,
          0.29385435581207275,
          0.43018186092376709,
          1
        ]
      },
      {
        "date" : 713704630.57950604,
        "title" : "Untitled",
        "transform" : [
          1,
          0,
          0,
          0,
          0,
          0.86602544784545898,
          -0.49999994039535522,
          0,
          0,
          0.49999994039535522,
          0.86602544784545898,
          0,
          0.054916959255933762,
          0.18720392882823944,
          0.38567852973937988,
          1
        ]
      },
      {
        "date" : 713704481.423558,
        "title" : "Untitled",
        "transform" : [
          1,
          0,
          0,
          0,
          0,
          0.86602544784545898,
          -0.49999994039535522,
          0,
          0,
          0.49999994039535522,
          0.86602544784545898,
          0,
          0.0074462890625,
          0.21783538162708282,
          0.36799344420433044,
          1
        ]
      },
      {
        "date" : 713704466.40571105,
        "title" : "Untitled",
        "transform" : [
          1,
          0,
          -0,
          0,
          -0,
          0.86602544784545898,
          -0.49999994039535522,
          0,
          0,
          0.49999994039535522,
          0.86602544784545898,
          0,
          0,
          0.21380461752414703,
          0.37032049894332886,
          1
        ]
      }
    ],
    "A8DC38D1-9EFF-4FF9-868B-711544477B61" : [
      {
        "date" : 713092841.84672296,
        "title" : "Untitled",
        "transform" : [
          0.99811691045761108,
          -7.6637429735626483e-10,
          0.061340395361185074,
          0,
          0.0089028691872954369,
          0.98941135406494141,
          -0.14486540853977203,
          0,
          -0.060690876096487045,
          0.14513874053955078,
          0.9875481128692627,
          0,
          -0.0028372043743729591,
          0.73969900608062744,
          2.7390339374542236,
          1
        ]
      },
      {
        "date" : 713092837.45045698,
        "title" : "Untitled",
        "transform" : [
          0.9999963641166687,
          0,
          0.0027008021716028452,
          0,
          0.0013504007365554571,
          0.86602544784545898,
          -0.4999980628490448,
          0,
          -0.0023389633279293776,
          0.49999988079071045,
          0.86602228879928589,
          0,
          0.10228444635868073,
          1.090907096862793,
          1.4588638544082642,
          1
        ]
      },
      {
        "date" : 713092816.33119202,
        "title" : "Untitled",
        "transform" : [
          0.9999963641166687,
          0,
          0.0027008021716028452,
          0,
          0.0013504007365554571,
          0.86602544784545898,
          -0.4999980628490448,
          0,
          -0.0023389633279293776,
          0.49999988079071045,
          0.86602228879928589,
          0,
          -0.0042303022928535938,
          0.90431135892868042,
          1.5663076639175415,
          1
        ]
      },
      {
        "date" : 713090380.75801694,
        "title" : "Untitled",
        "transform" : [
          1,
          0,
          0,
          0,
          0,
          0.86602544784545898,
          -0.49999988079071045,
          0,
          0,
          0.49999988079071045,
          0.86602544784545898,
          0,
          0,
          0.22126202285289764,
          0.3832370936870575,
          1
        ]
      }
    ],
    "A85BE0E6-8CD6-4E8D-A389-5C3B192BFBB3" : [
      {
        "date" : 713093490.03333294,
        "title" : "Untitled",
        "transform" : [
          1,
          0,
          0,
          0,
          0,
          0.866302490234375,
          -0.4995197057723999,
          0,
          0,
          0.4995197057723999,
          0.866302490234375,
          0,
          3.1143426895141602e-06,
          1.8946741819381714,
          2.464576244354248,
          1
        ]
      }
    ],
    "A21404D0-C0FF-47E1-A891-DB5BDE9EFBEA" : [
      {
        "date" : 712239324.61611295,
        "title" : "Untitled",
        "transform" : [
          1,
          0,
          0,
          0,
          0,
          0.86564052104949951,
          -0.50066602230072021,
          0,
          0,
          0.50066602230072021,
          0.86564052104949951,
          0,
          0,
          0.31060150265693665,
          0.53266584873199463,
          1
        ]
      },
      {
        "date" : 712239303.58064795,
        "title" : "Untitled",
        "transform" : [
          1,
          0,
          0,
          0,
          0,
          0.86564052104949951,
          -0.50066602230072021,
          0,
          0,
          0.50066602230072021,
          0.86564052104949951,
          0,
          0,
          0.23005734384059906,
          0.39453664422035217,
          1
        ]
      },
      {
        "date" : 712239233.87804699,
        "title" : "Untitled",
        "transform" : [
          1,
          0,
          0,
          0,
          0,
          0.86602544784545898,
          -0.49999994039535522,
          0,
          0,
          0.49999994039535522,
          0.86602544784545898,
          0,
          0,
          0.22534488141536713,
          0.39030882716178894,
          1
        ]
      }
    ],
    "AF09ED6F-1707-48FD-8720-65B998362C09" : [
      {
        "date" : 712237378.71872902,
        "title" : "Untitled",
        "transform" : [
          1,
          0,
          0,
          0,
          0,
          0.86602580547332764,
          -0.49999931454658508,
          0,
          0,
          0.49999931454658508,
          0.86602580547332764,
          0,
          0,
          3.7082548141479492,
          4.3055462837219238,
          1
        ]
      }
    ],
    "B2710F7C-DD4C-4B4E-B46A-CEA2BD350D29" : [
      {
        "date" : 713098864.723984,
        "title" : "Untitled",
        "transform" : [
          1,
          0,
          0,
          0,
          0,
          0.86602544784545898,
          -0.49999988079071045,
          0,
          0,
          0.49999988079071045,
          0.86602544784545898,
          0,
          -0.041058633476495743,
          0.48150634765625,
          0.55783224105834961,
          1
        ]
      },
      {
        "date" : 713098858.42802894,
        "title" : "Untitled",
        "transform" : [
          1,
          0,
          0,
          0,
          0,
          0.86602544784545898,
          -0.49999988079071045,
          0,
          0,
          0.49999988079071045,
          0.86602544784545898,
          0,
          -0.0013723422307521105,
          0.37512785196304321,
          0.61924993991851807,
          1
        ]
      },
      {
        "date" : 713098850.31879401,
        "title" : "Untitled",
        "transform" : [
          1,
          0,
          0,
          0,
          0,
          0.86602544784545898,
          -0.49999988079071045,
          0,
          0,
          0.49999988079071045,
          0.86602544784545898,
          0,
          0,
          0.22126202285289764,
          0.3832370936870575,
          1
        ]
      }
    ],
    "C009713D-A480-4DA1-99B7-804B4909A70B" : [
      {
        "date" : 713098973.36094105,
        "title" : "Untitled",
        "transform" : [
          1,
          0,
          0,
          0,
          0,
          0.866302490234375,
          -0.4995197057723999,
          0,
          0,
          0.4995197057723999,
          0.866302490234375,
          0,
          3.1143426895141602e-06,
          1.8946741819381714,
          2.464576244354248,
          1
        ]
      }
    ],
    "D5F689D2-4C08-4A52-8C12-586868496C53" : [
      {
        "date" : 713104205.25058496,
        "title" : "Untitled",
        "transform" : [
          1,
          0,
          0,
          0,
          0,
          0.86602544784545898,
          -0.49999988079071045,
          0,
          0,
          0.49999988079071045,
          0.86602544784545898,
          0,
          0,
          0.22126202285289764,
          0.3832370936870575,
          1
        ]
      }
    ],
    "D66134B1-3681-4A8E-AFE5-29F257229F3B" : [
      {
        "date" : 712840894.75283694,
        "title" : "Untitled",
        "transform" : [
          0.99958276748657227,
          -1.3779711816042095e-09,
          0.02888600155711174,
          0,
          -0.0031724085565656424,
          0.99395096302032471,
          0.10977895557880402,
          0,
          -0.028711238875985146,
          -0.10982475429773331,
          0.99353623390197754,
          0,
          -0.044453106820583344,
          0.44148144125938416,
          1.4603533744812012,
          1
        ]
      },
      {
        "date" : 712840660.73686004,
        "title" : "Untitled",
        "transform" : [
          0.99860143661499023,
          -8.0013212722107596e-10,
          -0.052869793027639389,
          0,
          -0.0083174910396337509,
          0.98754769563674927,
          -0.15710005164146423,
          0,
          0.052211467176675797,
          0.15732011198997498,
          0.98616647720336914,
          0,
          -0.050718799233436584,
          0.92175811529159546,
          1.2790348529815674,
          1
        ]
      },
      {
        "date" : 712840656.46509504,
        "title" : "Untitled",
        "transform" : [
          0.99422955513000488,
          -8.1861839529295821e-10,
          -0.1072738990187645,
          0,
          -0.017768457531929016,
          0.9861869215965271,
          -0.16468043625354767,
          0,
          0.10579214245080948,
          0.16563628613948822,
          0.9804961085319519,
          0,
          -0.032348539680242538,
          0.74008798599243164,
          1.1481407880783081,
          1
        ]
      },
      {
        "date" : 712840650.21025205,
        "title" : "Untitled",
        "transform" : [
          -0.99567228555679321,
          3.6104491618615953e-10,
          0.092933692038059235,
          0,
          0.01655581034719944,
          0.98400402069091797,
          0.1773754358291626,
          0,
          -0.091447152197360992,
          0.17814643681049347,
          -0.97974544763565063,
          0,
          0.049445614218711853,
          0.75529032945632935,
          -1.2662951946258545,
          1
        ]
      },
      {
        "date" : 712840642.17612898,
        "title" : "Untitled",
        "transform" : [
          -0.98805475234985352,
          -1.3401241227839478e-10,
          0.15410354733467102,
          0,
          0.056131184101104736,
          0.93130385875701904,
          0.35989227890968323,
          0,
          -0.14351722598075867,
          0.3642432689666748,
          -0.92017906904220581,
          0,
          0.16211901605129242,
          1.0685067176818848,
          -1.2875019311904907,
          1
        ]
      },
      {
        "date" : 712840633.33350396,
        "title" : "Untitled",
        "transform" : [
          0.15830625593662262,
          -7.2689937402614646e-11,
          -0.98739010095596313,
          0,
          -0.35221549868583679,
          0.93421381711959839,
          -0.056469995528459549,
          0,
          0.92243337631225586,
          0.35671365261077881,
          0.14789186418056488,
          0,
          1.1964411735534668,
          1.0789783000946045,
          -0.050394579768180847,
          1
        ]
      },
      {
        "date" : 712840631.31815398,
        "title" : "Untitled",
        "transform" : [
          0.1231740340590477,
          3.3512859154427588e-11,
          -0.99238508939743042,
          0,
          -0.3264298141002655,
          0.94435274600982666,
          -0.040516205132007599,
          0,
          0.93716150522232056,
          0.32893466949462891,
          0.11631972342729568,
          0,
          1.2000293731689453,
          1.0435618162155151,
          -0.092806711792945862,
          1
        ]
      },
      {
        "date" : 712840619.88658094,
        "title" : "Untitled",
        "transform" : [
          0.9999733567237854,
          -6.9036332206451334e-11,
          -0.007300820667296648,
          0,
          -0.0013007570523768663,
          0.98400050401687622,
          -0.17816103994846344,
          0,
          0.0071840113960206509,
          0.17816582322120667,
          0.98397421836853027,
          0,
          0.24830971658229828,
          0.87531393766403198,
          0.97214031219482422,
          1
        ]
      },
      {
        "date" : 712840613.10621703,
        "title" : "Untitled",
        "transform" : [
          0.9999733567237854,
          -6.9036332206451334e-11,
          -0.007300820667296648,
          0,
          -0.0013007570523768663,
          0.98400050401687622,
          -0.17816103994846344,
          0,
          0.0071840113960206509,
          0.17816582322120667,
          0.98397421836853027,
          0,
          0.0079152137041091919,
          0.81569004058837891,
          0.98469126224517822,
          1
        ]
      },
      {
        "date" : 712840388.32965398,
        "title" : "Untitled",
        "transform" : [
          0.9999733567237854,
          -6.9036332206451334e-11,
          -0.007300820667296648,
          0,
          -0.0013007570523768663,
          0.98400050401687622,
          -0.17816103994846344,
          0,
          0.0071840113960206509,
          0.17816582322120667,
          0.98397421836853027,
          0,
          0.066371709108352661,
          0.60703933238983154,
          1.02204430103302,
          1
        ]
      }
    ],
    "DA988ECE-CB76-4352-B897-88DB543B7836" : [
      {
        "date" : 712242336.47010696,
        "title" : "Untitled",
        "transform" : [
          1,
          0,
          0,
          0,
          0,
          0.86602544784545898,
          -0.49999994039535522,
          0,
          0,
          0.49999994039535522,
          0.86602544784545898,
          0,
          0.011429389007389545,
          0.066581800580024719,
          0.14098002016544342,
          1
        ]
      },
      {
        "date" : 712242334.03679502,
        "title" : "Untitled",
        "transform" : [
          1,
          0,
          0,
          0,
          0,
          0.86602544784545898,
          -0.49999994039535522,
          0,
          0,
          0.49999994039535522,
          0.86602544784545898,
          0,
          0.035524807870388031,
          0.20851249992847443,
          0.4000270664691925,
          1
        ]
      },
      {
        "date" : 712241553.47866702,
        "title" : "Untitled",
        "transform" : [
          1,
          0,
          0,
          0,
          0,
          0.86602544784545898,
          -0.49999994039535522,
          0,
          0,
          0.49999994039535522,
          0.86602544784545898,
          0,
          0,
          0.22534488141536713,
          0.39030882716178894,
          1
        ]
      }
    ],
    "EB2627C7-EF96-4D37-842B-99C89C885A2E" : [
      {
        "date" : 712240294.48402905,
        "title" : "Untitled",
        "transform" : [
          1,
          0,
          0,
          0,
          0,
          0.86602544784545898,
          -0.49999994039535522,
          0,
          0,
          0.49999994039535522,
          0.86602544784545898,
          0,
          0,
          0.22534488141536713,
          0.39030882716178894,
          1
        ]
      }
    ],
    "EDCFBE4C-874E-4733-9400-44A0EC220B7A" : [
      {
        "date" : 713092991.46731102,
        "title" : "Untitled",
        "transform" : [
          0.99414736032485962,
          4.8502801774930049e-10,
          0.10803321748971939,
          0,
          0.0013012667186558247,
          0.99992746114730835,
          -0.011974590830504894,
          0,
          -0.10802537947893143,
          0.012045050971210003,
          0.99407517910003662,
          0,
          0.13476124405860901,
          0.35172200202941895,
          1.518358588218689,
          1
        ]
      },
      {
        "date" : 713092983.34210002,
        "title" : "Untitled",
        "transform" : [
          1,
          0,
          0,
          0,
          0,
          0.86602544784545898,
          -0.49999994039535522,
          0,
          0,
          0.49999994039535522,
          0.86602544784545898,
          0,
          0.32896307110786438,
          1.1646673679351807,
          1.0585230588912964,
          1
        ]
      },
      {
        "date" : 712765883.29433405,
        "title" : "Untitled",
        "transform" : [
          1,
          0,
          0,
          0,
          0,
          0.86602544784545898,
          -0.49999994039535522,
          0,
          0,
          0.49999994039535522,
          0.86602544784545898,
          0,
          0,
          0.22523348033428192,
          0.390115886926651,
          1
        ]
      }
    ]
  },
  "selectedSceneRelativePath" : "StickScene.usda"
}