{
  "advancedEditorSelectedIdentifier" : "ProjectBrowser",
  "openSceneRelativePaths" : [
    "Immersive.usda",
    "Scene.usda",
    "Satellite.usda"
  ],
  "recentIdentifiers" : {
    "A21404D0-C0FF-47E1-A891-DB5BDE9EFBEA" : [

    ],
    "D66134B1-3681-4A8E-AFE5-29F257229F3B" : [

    ],
    "DA988ECE-CB76-4352-B897-88DB543B7836" : [

    ]
  },
  "sceneCameraHistory" : {
    "A21404D0-C0FF-47E1-A891-DB5BDE9EFBEA" : [
      {
        "date" : 712239324.61611295,
        "title" : "Untitled",
        "transform" : [
          1,
          0,
          0,
          0,
          0,
          0.86564052104949951,
          -0.50066602230072021,
          0,
          0,
          0.50066602230072021,
          0.86564052104949951,
          0,
          0,
          0.31060150265693665,
          0.53266584873199463,
          1
        ]
      },
      {
        "date" : 712239303.58064795,
        "title" : "Untitled",
        "transform" : [
          1,
          0,
          0,
          0,
          0,
          0.86564052104949951,
          -0.50066602230072021,
          0,
          0,
          0.50066602230072021,
          0.86564052104949951,
          0,
          0,
          0.23005734384059906,
          0.39453664422035217,
          1
        ]
      },
      {
        "date" : 712239233.87804699,
        "title" : "Untitled",
        "transform" : [
          1,
          0,
          0,
          0,
          0,
          0.86602544784545898,
          -0.49999994039535522,
          0,
          0,
          0.49999994039535522,
          0.86602544784545898,
          0,
          0,
          0.22534488141536713,
          0.39030882716178894,
          1
        ]
      }
    ],
    "AF09ED6F-1707-48FD-8720-65B998362C09" : [
      {
        "date" : 712237378.71872902,
        "title" : "Untitled",
        "transform" : [
          1,
          0,
          0,
          0,
          0,
          0.86602580547332764,
          -0.49999931454658508,
          0,
          0,
          0.49999931454658508,
          0.86602580547332764,
          0,
          0,
          3.7082548141479492,
          4.3055462837219238,
          1
        ]
      }
    ],
    "D66134B1-3681-4A8E-AFE5-29F257229F3B" : [
      {
        "date" : 712240065.86567605,
        "title" : "Untitled",
        "transform" : [
          1,
          0,
          0,
          0,
          0,
          0.86602544784545898,
          -0.49999988079071045,
          0,
          0,
          0.49999988079071045,
          0.86602544784545898,
          0,
          -0.001136986305937171,
          1.1834300756454468,
          1.9737480878829956,
          1
        ]
      },
      {
        "date" : 712237378.76306796,
        "title" : "Untitled",
        "transform" : [
          1,
          0,
          0,
          0,
          0,
          0.86602544784545898,
          -0.49999988079071045,
          0,
          0,
          0.49999988079071045,
          0.86602544784545898,
          0,
          0,
          0.21377380192279816,
          0.37046709656715393,
          1
        ]
      }
    ],
    "DA988ECE-CB76-4352-B897-88DB543B7836" : [
      {
        "date" : 712242336.47010696,
        "title" : "Untitled",
        "transform" : [
          1,
          0,
          0,
          0,
          0,
          0.86602544784545898,
          -0.49999994039535522,
          0,
          0,
          0.49999994039535522,
          0.86602544784545898,
          0,
          0.011429389007389545,
          0.066581800580024719,
          0.14098002016544342,
          1
        ]
      },
      {
        "date" : 712242334.03679502,
        "title" : "Untitled",
        "transform" : [
          1,
          0,
          0,
          0,
          0,
          0.86602544784545898,
          -0.49999994039535522,
          0,
          0,
          0.49999994039535522,
          0.86602544784545898,
          0,
          0.035524807870388031,
          0.20851249992847443,
          0.4000270664691925,
          1
        ]
      },
      {
        "date" : 712241553.47866702,
        "title" : "Untitled",
        "transform" : [
          1,
          0,
          -0,
          0,
          -0,
          0.86602544784545898,
          -0.49999994039535522,
          0,
          0,
          0.49999994039535522,
          0.86602544784545898,
          0,
          0,
          0.22534488141536713,
          0.39030882716178894,
          1
        ]
      }
    ],
    "EB2627C7-EF96-4D37-842B-99C89C885A2E" : [
      {
        "date" : 712240294.48402905,
        "title" : "Untitled",
        "transform" : [
          1,
          0,
          0,
          0,
          0,
          0.86602544784545898,
          -0.49999994039535522,
          0,
          0,
          0.49999994039535522,
          0.86602544784545898,
          0,
          0,
          0.22534488141536713,
          0.39030882716178894,
          1
        ]
      }
    ]
  },
  "selectedSceneRelativePath" : "Scene.usda"
}